No.	Label	Class	AA	AG	AT	CC	CG	CT	GA	GC	GG	GT	TA	TC	TG	AC	CA	TT
1	1	High	2	4	2	3	1	2	3	3	7	4	2	1	4	0	0	0
2	0	Low	3	5	1	0	1	2	2	2	2	6	3	2	3	2	2	2
3	1	High	0	4	1	1	1	4	3	1	4	2	1	5	1	1	2	7
4	0	Low	3	1	1	2	1	6	1	2	0	3	3	3	4	4	2	2
5	0	Low	3	1	1	2	1	6	1	2	0	3	3	3	4	4	2	2
6	0	Low	2	3	1	2	3	3	3	3	1	1	2	3	2	3	3	3
7	1	High	1	2	1	6	3	2	2	3	4	1	0	4	2	1	3	3
8	0	Low	2	3	1	1	1	6	0	4	1	3	3	4	2	0	2	5
9	1	High	5	6	1	1	0	1	1	2	6	2	4	1	1	1	3	3
10	1	High	1	1	1	2	1	3	3	2	6	2	0	1	5	5	4	1
11	0	Low	4	4	5	0	1	0	6	2	3	1	0	2	4	2	4	0
12	1	High	0	3	5	0	0	2	2	1	2	3	6	1	3	4	4	2
13	1	High	5	3	1	0	1	5	1	3	3	1	2	2	2	5	4	0
14	0	Low	6	2	2	2	1	2	2	0	4	3	3	3	2	3	3	0
15	0	Low	1	1	3	5	0	1	2	2	2	4	2	1	5	3	4	2
16	1	High	4	3	1	3	2	2	1	3	3	4	2	1	3	2	4	0
17	1	High	4	3	0	7	2	3	1	3	6	1	1	3	0	2	2	0
18	1	High	0	2	0	8	4	2	0	3	1	4	1	4	1	2	3	3
19	1	High	3	1	0	5	2	3	0	1	1	3	4	1	1	6	3	4
20	1	High	2	4	1	2	3	2	3	7	5	0	1	1	1	2	3	1
21	0	Low	4	2	4	1	0	2	2	1	3	2	4	1	3	2	2	5
22	0	Low	1	0	2	4	4	5	4	4	0	2	0	4	6	2	0	0
23	1	High	3	3	1	8	2	1	2	2	3	1	1	2	1	4	4	0
24	1	High	2	0	5	4	0	2	2	0	1	1	3	3	3	3	5	4
25	0	Low	1	3	2	2	0	4	2	1	3	2	4	2	1	4	2	5
26	0	Low	2	5	0	2	1	3	1	4	3	2	2	3	1	3	5	1
27	0	Low	2	5	0	2	1	3	1	4	3	2	2	3	1	3	5	1
28	0	Low	2	2	2	1	2	3	3	2	5	2	3	2	3	2	2	2
29	0	Low	1	2	0	4	3	3	2	1	7	3	2	3	3	2	0	2
30	0	Low	2	0	2	4	1	4	1	1	1	1	4	3	2	5	3	4
31	1	High	2	2	0	1	3	3	1	4	3	3	1	3	2	3	3	4
32	0	Low	0	2	5	1	0	3	4	1	1	2	2	5	4	2	3	3
33	1	High	1	3	2	1	4	1	2	4	6	4	1	3	2	0	1	3
34	1	High	1	6	1	3	1	4	4	1	0	2	3	4	0	4	4	0
35	1	High	2	4	1	1	4	0	3	5	6	3	2	0	2	2	3	0
36	0	Low	0	2	1	3	2	3	2	4	4	2	0	3	3	3	5	1
37	0	Low	4	4	3	3	0	3	2	2	1	2	4	2	2	1	4	1
38	0	Low	5	3	1	1	1	4	2	2	2	2	4	2	1	4	3	1
39	0	Low	2	2	2	1	1	4	2	3	0	1	4	1	2	4	3	6
40	0	Low	5	4	1	0	1	3	3	1	2	2	3	1	1	3	2	6
41	0	Low	5	4	1	0	1	3	3	1	2	2	3	1	1	3	2	6
42	0	Low	5	4	1	0	1	3	3	1	2	2	3	1	1	3	2	6
43	1	High	1	4	0	7	2	1	1	2	2	5	1	3	2	2	4	1
44	1	High	4	3	3	1	1	2	4	2	8	2	2	1	3	0	0	2
45	1	High	7	3	1	4	2	3	3	2	2	1	1	1	2	4	2	0
46	1	High	1	4	4	1	1	1	5	2	6	2	1	2	3	1	3	1
47	1	High	6	2	1	0	1	4	3	3	3	0	2	1	3	5	4	0
48	0	Low	0	3	2	1	0	3	1	1	2	4	5	2	2	4	4	4
49	1	High	1	5	3	0	2	2	7	0	4	3	1	3	2	2	1	2
50	1	High	1	2	1	2	2	5	3	4	7	0	1	1	4	3	1	1
51	0	Low	6	3	1	4	3	2	2	3	1	2	2	2	1	2	3	1
52	0	Low	1	3	0	2	2	4	1	4	4	4	3	2	3	2	2	1
53	0	Low	4	3	0	0	2	1	5	1	7	3	2	0	4	3	0	3
54	0	Low	3	3	2	1	2	4	3	5	4	0	0	3	3	0	3	2
55	1	High	3	3	2	1	2	4	3	5	4	0	0	3	3	0	3	2
56	0	Low	0	2	2	2	2	3	2	1	5	4	1	4	3	1	2	4
57	0	Low	5	3	4	1	1	2	3	2	1	3	4	1	4	1	2	1
58	0	Low	5	3	4	1	1	2	3	2	1	3	4	1	4	1	2	1
59	1	High	5	3	4	1	1	2	3	2	1	3	4	1	4	1	2	1
60	0	Low	5	4	2	5	2	1	4	2	4	2	0	2	2	1	2	0
61	1	High	1	2	0	4	1	4	2	4	5	4	0	1	6	1	1	2
62	0	Low	0	7	1	4	1	1	7	1	1	3	1	1	3	2	2	3
63	0	Low	2	3	3	1	0	4	2	5	1	2	3	1	6	1	3	1
64	0	Low	2	1	2	1	0	6	1	1	0	2	1	7	4	2	3	5
65	0	Low	2	1	2	1	0	6	1	1	0	2	1	7	4	2	3	5
66	0	Low	5	3	2	2	1	1	3	0	2	3	2	2	2	3	2	5
67	0	Low	5	3	2	2	1	1	3	0	2	3	2	2	2	3	2	5
68	0	Low	5	3	2	2	1	1	3	0	2	3	2	2	2	3	2	5
69	0	Low	2	5	0	4	2	2	5	4	6	0	0	1	1	2	3	1
70	0	Low	2	4	1	3	1	2	1	5	5	2	0	1	4	2	5	0
71	0	Low	2	4	1	3	1	2	1	5	5	2	0	1	4	2	5	0
72	0	Low	3	1	1	6	0	7	0	2	0	1	3	5	2	2	1	4
73	1	High	1	5	3	2	0	1	4	1	3	4	3	2	3	0	2	4
74	0	Low	5	1	4	1	0	2	0	3	2	1	2	3	3	1	3	7
75	0	Low	5	1	4	1	0	2	0	3	2	1	2	3	3	1	3	7
76	1	High	1	1	4	3	0	3	3	1	3	2	1	4	3	3	4	2
77	1	High	3	6	2	4	2	0	3	4	9	0	0	1	1	0	3	0
78	1	High	0	5	1	3	1	1	2	2	4	4	2	2	2	2	5	2
79	1	High	2	1	3	3	2	3	3	2	3	1	0	3	4	2	4	2
80	0	Low	0	5	0	5	2	3	1	5	1	2	2	2	1	3	5	1
81	1	High	3	0	3	5	1	5	3	1	1	1	0	4	3	3	3	2
82	0	Low	4	3	3	0	3	2	1	4	4	2	3	3	1	1	3	1
83	0	Low	0	0	2	3	0	5	1	3	4	1	0	3	4	3	4	5
84	1	High	1	3	3	2	1	1	1	3	1	3	2	2	3	3	5	4
85	1	High	3	1	3	1	2	4	2	5	1	0	1	3	3	3	4	2
86	1	High	1	4	0	2	5	1	4	4	3	3	1	1	2	3	2	2
87	0	Low	1	3	1	0	3	1	0	5	5	4	2	1	4	1	4	3
88	0	Low	0	2	2	3	2	2	2	3	4	5	2	2	5	0	1	3
89	1	High	4	2	2	1	0	5	2	0	0	4	2	3	6	3	1	3
90	0	Low	6	2	4	2	0	3	4	0	0	2	4	3	4	1	0	3
91	0	Low	6	2	4	2	0	3	4	0	0	2	4	3	4	1	0	3
92	1	High	9	4	5	1	0	2	2	1	0	1	6	1	0	3	2	1
93	0	Low	2	5	2	1	1	1	5	1	4	2	2	2	2	2	3	3
94	1	High	2	4	2	3	2	3	5	2	3	1	1	2	3	2	1	2
95	0	Low	4	5	2	1	0	1	3	2	0	2	5	0	2	5	6	0
96	1	High	0	4	1	3	1	3	1	4	3	1	2	1	2	4	5	3
97	1	High	2	5	2	0	0	2	3	1	4	5	3	2	3	2	2	2
98	1	High	0	3	6	1	1	2	4	0	2	3	4	3	3	0	2	4
99	1	High	5	5	1	0	2	2	3	4	2	4	3	1	2	1	1	2
100	0	Low	1	2	2	5	1	1	2	4	2	4	0	1	6	2	4	1
101	0	Low	1	2	2	5	1	1	2	4	2	4	0	1	6	2	4	1
102	0	Low	1	2	2	5	1	1	2	4	2	4	0	1	6	2	4	1
103	1	High	2	5	2	0	2	0	2	4	5	3	3	1	1	1	3	4
104	1	High	1	2	4	2	0	1	1	3	5	2	2	1	5	2	4	3
105	0	Low	2	5	2	1	1	1	5	2	1	3	2	0	3	4	4	2
106	0	Low	2	5	2	1	1	1	5	2	1	3	2	0	3	4	4	2
107	0	Low	3	0	2	1	2	4	2	2	3	3	1	4	3	1	1	6
108	1	High	1	3	1	8	1	4	2	3	1	1	2	1	3	4	3	0
109	1	High	2	4	2	8	1	1	1	2	0	3	2	2	1	4	5	0
110	1	High	1	2	0	3	4	2	3	3	5	4	0	3	4	2	2	0
111	1	High	1	2	0	3	2	5	0	6	10	1	1	1	4	0	0	2
112	1	High	3	2	5	5	0	2	4	1	2	0	2	3	2	0	3	4
113	0	Low	1	3	3	0	0	3	3	0	0	6	4	3	5	2	1	4
114	0	Low	1	3	3	0	0	3	3	0	0	6	4	3	5	2	1	4
115	0	Low	1	4	2	1	2	1	3	1	1	3	1	5	1	2	4	6
116	0	Low	3	3	1	4	2	3	3	2	1	2	1	2	3	4	3	1
117	0	Low	1	3	3	2	1	2	2	1	1	4	3	2	5	2	3	3
118	0	Low	2	2	2	5	3	4	3	2	1	2	1	4	3	2	2	0
119	1	High	2	2	2	5	3	4	3	2	1	2	1	4	3	2	2	0
120	1	High	1	4	1	7	1	3	2	0	2	4	6	1	2	3	1	0
121	0	Low	3	0	5	1	2	0	2	1	1	4	2	2	5	2	3	5
122	1	High	1	1	2	3	1	4	1	2	2	2	2	2	3	6	6	0
123	1	High	1	5	3	2	3	1	4	3	4	2	0	3	3	0	3	1
124	1	High	1	5	3	2	3	1	4	3	4	2	0	3	3	0	3	1
125	0	Low	2	2	1	6	3	2	2	2	1	4	1	3	2	2	3	2
126	1	High	6	3	3	1	0	2	3	2	4	0	2	2	2	2	4	2
127	1	High	1	2	1	4	0	6	2	1	4	2	2	3	3	2	1	4
128	0	Low	0	4	3	2	0	3	3	0	1	4	3	6	2	0	2	5
129	1	High	3	3	1	3	2	2	4	3	1	2	3	0	3	3	1	4
130	1	High	3	3	3	1	1	4	1	0	0	3	6	5	0	3	4	1
131	1	High	3	3	3	1	1	4	1	0	0	3	6	5	0	3	4	1
132	0	Low	1	1	0	6	1	4	0	4	4	3	0	3	5	1	2	3
133	1	High	5	5	4	5	1	1	7	0	1	0	3	0	1	2	1	2
134	1	High	1	1	3	2	0	2	1	3	1	4	2	1	5	3	4	5
135	1	High	4	2	1	5	0	5	1	1	1	2	3	4	2	4	3	0
136	0	Low	3	1	1	1	3	1	2	4	10	0	0	2	1	4	4	1
137	0	Low	1	4	1	0	2	3	1	3	0	5	4	2	4	2	2	4
138	0	Low	0	0	1	2	6	2	2	3	9	4	0	3	3	1	0	2
139	0	Low	1	3	5	1	1	1	5	1	2	1	1	3	3	3	4	3
140	0	Low	1	3	5	1	1	1	5	1	2	1	1	3	3	3	4	3
141	0	Low	1	3	5	1	1	1	5	1	2	1	1	3	3	3	4	3
142	0	Low	4	1	1	0	0	5	1	0	3	4	4	4	4	1	0	6
143	1	High	2	1	2	7	2	4	2	2	5	1	1	4	1	1	1	2
144	0	Low	6	3	3	1	1	2	4	2	2	1	2	2	2	1	2	4
145	1	High	6	3	3	1	1	2	4	2	2	1	2	2	2	1	2	4
146	1	High	6	2	2	1	0	3	4	0	2	5	1	1	6	3	1	1
147	0	Low	0	3	0	6	5	4	4	6	4	1	0	1	2	2	0	0
148	0	Low	2	3	2	6	3	1	5	2	4	1	1	2	1	2	1	2
149	1	High	3	5	1	1	2	2	4	1	2	2	2	2	1	6	4	0
150	0	Low	5	2	1	3	1	3	2	2	1	2	2	1	4	3	3	3
151	1	High	2	3	1	3	2	3	3	6	6	0	1	1	3	1	3	0
152	0	Low	6	3	2	1	1	1	6	2	0	0	0	0	3	5	5	3
153	1	High	6	3	2	1	1	1	6	2	0	0	0	0	3	5	5	3
154	0	Low	4	3	3	3	1	2	3	1	0	2	2	3	2	4	4	1
155	0	Low	0	3	1	0	4	3	5	2	3	4	1	2	3	3	1	3
156	1	High	0	3	2	3	0	3	1	3	1	5	1	2	6	2	3	3
157	0	Low	5	1	3	0	0	6	3	1	0	1	3	3	4	4	2	2
158	0	Low	2	1	0	4	4	5	1	4	5	3	0	5	3	0	1	0
159	0	Low	2	1	0	4	4	5	1	4	5	3	0	5	3	0	1	0
160	1	High	1	2	2	3	0	7	3	2	1	0	1	4	3	2	2	5
161	0	Low	3	2	1	2	1	4	1	1	3	2	2	4	2	3	3	4
162	1	High	1	7	0	1	2	3	5	5	2	2	1	1	3	2	3	0
163	0	Low	2	4	1	5	0	1	0	2	5	4	2	2	2	2	5	1
164	1	High	2	3	2	4	2	1	1	2	1	2	2	3	0	5	7	1
165	0	Low	4	6	3	0	0	0	2	3	4	3	5	0	3	1	3	1
166	1	High	0	5	5	1	0	1	5	1	1	3	3	2	4	2	4	1
167	0	Low	5	5	2	1	0	3	3	2	0	2	4	2	2	2	3	2
168	1	High	5	5	2	1	0	3	3	2	0	2	4	2	2	2	3	2
169	1	High	2	3	2	3	1	1	3	1	1	4	1	2	4	3	5	2
170	1	High	4	2	3	2	2	1	4	1	4	2	2	2	3	2	2	2
171	1	High	3	1	3	0	3	2	2	2	4	1	2	2	3	5	4	1
172	0	Low	1	3	2	2	3	1	4	0	3	3	2	3	2	5	4	0
173	1	High	4	3	2	3	0	3	0	1	2	2	3	4	1	4	6	0
174	0	Low	7	5	4	0	2	0	5	2	0	2	1	4	2	0	4	0
175	1	High	7	5	4	0	2	0	5	2	0	2	1	4	2	0	4	0
176	1	High	3	3	2	3	1	1	3	1	1	3	0	4	3	2	5	3
177	1	High	3	2	0	1	1	3	0	2	3	6	3	1	6	3	2	2
178	1	High	4	2	2	6	2	3	3	2	1	1	1	1	3	4	3	0
179	1	High	3	3	1	0	3	3	2	3	3	1	2	2	1	5	4	2
180	0	Low	1	2	1	5	2	4	0	4	3	3	2	3	2	1	1	4
181	0	Low	0	2	5	1	0	4	2	2	0	2	4	5	3	1	4	3
182	1	High	2	2	2	4	4	0	1	3	2	5	3	0	3	4	3	0
183	1	High	1	3	1	1	1	3	2	3	3	3	0	2	6	3	4	2
184	0	Low	2	1	2	2	2	3	0	4	1	2	1	4	3	3	6	2
185	0	Low	2	1	2	2	2	3	0	4	1	2	1	4	3	3	6	2
186	1	High	0	2	2	2	2	3	0	2	0	5	2	4	3	4	5	2
187	0	Low	1	1	4	4	2	1	3	4	3	1	1	1	5	3	4	0
188	0	Low	2	2	4	3	0	1	2	1	1	3	1	4	5	2	6	1
189	1	High	1	5	2	3	0	3	4	3	2	3	1	1	6	0	2	2
190	1	High	2	1	3	3	3	3	2	1	1	1	4	4	0	4	2	4
191	1	High	2	4	0	2	5	2	6	4	5	1	0	0	3	3	1	0
192	0	Low	4	3	4	1	0	3	2	1	2	1	4	2	2	3	4	2
193	0	Low	0	2	1	4	3	4	2	4	5	3	1	1	6	1	0	1
194	0	Low	3	3	4	1	0	3	4	2	1	2	1	3	5	1	3	2
195	1	High	2	3	3	6	4	3	2	5	0	1	1	3	2	0	1	2
196	1	High	5	3	3	0	0	3	2	1	4	3	4	1	4	2	1	2
197	1	High	7	2	4	3	0	1	1	4	1	3	2	1	5	0	2	2
198	1	High	1	3	2	3	1	2	3	2	5	1	4	1	0	5	5	0
199	1	High	4	4	2	2	0	2	3	0	1	4	4	1	3	3	2	3
200	1	High	3	4	1	3	1	5	1	4	2	1	2	2	3	2	4	0
201	0	Low	3	2	2	1	1	2	1	4	6	1	2	0	4	3	4	2
202	1	High	3	3	2	2	0	5	1	3	4	2	5	1	3	3	0	1
203	0	Low	1	3	5	0	1	2	1	1	2	2	5	3	2	4	5	1
204	1	High	4	5	2	4	0	1	3	0	1	4	3	1	2	4	4	0
205	1	High	1	2	3	1	1	5	2	2	5	2	2	4	5	0	1	2
206	0	Low	5	3	3	1	0	2	2	5	1	1	3	0	4	1	4	3
207	0	Low	8	2	4	1	0	1	2	1	0	4	4	0	5	1	0	5
208	1	High	5	5	3	2	0	1	3	0	3	3	5	0	1	3	2	2
209	1	High	2	2	1	0	0	5	3	3	6	3	0	2	7	0	0	4
210	0	Low	2	3	2	2	2	3	3	2	2	1	1	3	2	5	5	0
211	1	High	5	2	4	3	0	3	2	2	0	0	4	3	1	3	4	2
212	0	Low	1	5	0	5	1	3	4	2	6	1	1	2	1	2	2	2
213	1	High	0	2	2	5	1	5	1	3	2	1	3	2	1	4	3	3
214	1	High	2	4	2	0	0	4	0	2	6	3	5	2	2	2	2	2
215	0	Low	3	2	3	4	1	3	2	0	2	2	3	4	2	3	3	1
216	0	Low	3	2	3	4	1	3	2	0	2	2	3	4	2	3	3	1
217	0	Low	3	2	2	0	1	1	2	2	5	4	2	1	5	2	3	3
218	1	High	3	3	2	1	0	3	3	0	2	6	4	0	5	4	1	1
219	1	High	4	5	3	8	0	0	1	1	1	1	2	2	0	3	6	1
220	1	High	5	4	2	3	0	3	1	4	1	2	3	1	2	2	5	0
221	1	High	1	3	3	3	2	3	3	2	2	1	4	2	2	3	2	2
222	1	High	0	3	1	3	1	4	3	3	2	2	1	3	3	2	3	4
223	1	High	1	2	1	8	2	3	1	2	1	2	2	3	1	4	4	1
224	0	Low	6	4	2	1	0	2	1	1	0	3	4	2	0	4	5	3
225	1	High	1	4	0	4	2	3	2	4	3	3	1	2	3	2	4	0
226	1	High	1	3	6	1	0	1	0	2	1	2	4	5	1	1	7	3
227	0	Low	3	4	3	1	1	3	5	3	1	2	2	1	5	1	1	2
228	1	High	4	1	1	4	4	3	1	1	2	2	2	4	1	5	3	0
229	1	High	1	3	3	4	1	2	6	0	0	2	2	2	4	4	3	1
230	0	Low	5	3	2	2	1	3	4	2	1	2	4	1	3	3	2	0
